h = 0.100000
t	y_num_p	y_anl_p	|y_num_p - y_anl_p|	y_num_q	y_anl_q	|y_num_q - y_anl_q|
1.000000e+01	2.195345e+09	2.202603e+09	7.257677e+06	4.627377e+13	4.851310e+13	2.239336e+12
kp = 174.285394
kq = 21.418037

