h = 0.010000
t	y_num_p	y_anl_p	|y_num_p - y_anl_p|	y_num_q	y_anl_q	|y_num_q - y_anl_q|
1.000000e+01	2.202594e+09	2.202603e+09	8.155503e+03	4.851026e+13	4.851310e+13	2.843522e+09
kp = 889.911633
kq = 787.521871

