h = 1
t	y_num_p	y_anl_p	|y_num_p - y_anl_p|	y_num_q	y_anl_q	|y_num_q - y_anl_q|
1.000000e+01	9.376954e+08	2.202603e+09	1.264907e+09	5.509243e+11	4.851310e+13	4.796218e+13
kp = 0.000000
kq = 0.000000

