h = 0.000100
t	y_num_p	y_anl_p	|y_num_p - y_anl_p|	y_num_q	y_anl_q	|y_num_q - y_anl_q|
1.000000e+01	2.202603e+09	2.202603e+09	8.230686e-03	4.851310e+13	4.851310e+13	2.909758e+03
kp = 1002.260414
kq = 998.057157

