h = 0.001000
t	y_num_p	y_anl_p	|y_num_p - y_anl_p|	y_num_q	y_anl_q	|y_num_q - y_anl_q|
1.000000e+01	2.202603e+09	2.202603e+09	8.249291e+00	4.851310e+13	4.851310e+13	2.904105e+06
kp = 988.630779
kq = 979.139049

